HBL
8124635.67	3981000.062
8124638.364	3980990.515
8124625.818	3980987.225
8124623.736	3980993.791
8124621.643	3981000.958
8124628.512	3981002.456
8124626.419	3981009.623
8124638.954	3981012.899
8124642.839	3981001.854
8124635.67	3981000.062

ASAB
8124939.939	3981428.003
8124933.661	3981444.117
8124934.563	3981447.406
8124943.401	3981450.883
8124950.481	3981453.076
8124953.676	3981452.889
8124955.791	3981450.161
8124960.834	3981436.655
8124961.435	3981435.171
8124964.719	3981436.067
8124966.945	3981431.052
8124972.177	3981431.881
8124973.97	3981428.003
8124992.482	3981434.569
8124994.875	3981434.569
8124996.668	3981431.881
8125001.744	3981418.442
8125001.443	3981416.958
8124999.651	3981414.859
8124997.269	3981413.067
8124981.439	3981408.293
8124982.33	3981404.415
8124977.554	3981401.42
8124979.947	3981396.352
8124976.363	3981394.56
8124982.04	3981376.935
8124982.33	3981374.261
8124981.139	3981372.469
8124965.61	3981367.093
8124963.227	3981367.093
8124960.834	3981369.179
8124954.867	3981384.704
8124947.743	3981390.682
8124943.524	3981389.786
8124940.83	3981393.37
8124929.486	3981388.288
8124923.809	3981386.496
8124920.826	3981387.392
8124918.443	3981392.166
8124915.449	3981399.935
8124914.558	3981403.813
8124923.809	3981408.895
8124931.279	3981411.582
8124930.789	3981415.674
8124933.371	3981418.148
8124936.355	3981425.008
8124939.939	3981428.003

GUEST HOUSE
8125038.279	3981282.194
8125037.088	3981284.882
8125040.372	3981292.357
8125030.731	3981297.171
8125028.127	3981292.357
8125025.143	3981288.773
8125023.351	3981290.258
8125016.783	3981292.357
8125011.406	3981290.859
8125009.024	3981284.294
8125009.915	3981280.402
8125016.483	3981276.525
8125022.75	3981278.316
8125030.821	3981275.629
8125032.312	3981271.149
8125037.978	3981267.565
8125043.956	3981268.461
8125046.338	3981272.353
8125046.94	3981276.525
8125044.847	3981279.814
8125041.563	3981281.9
8125038.279	3981282.194

MASJID REHMAT
8124812.857	3981080.052
8124758.221	3981065.717
8124757.62	3981069.007
8124753.735	3981067.817
8124737.616	3981063.337
8124737.015	3981067.215
8124729.256	3981065.423
8124729.857	3981062.134
8124709.252	3981056.758
8124707.76	3981061.545
8124711.345	3981062.441
8124709.552	3981070.799
8124704.777	3981069.608
8124702.684	3981077.07
8124705.066	3981079.156
8124702.684	3981086.029
8124700.291	3981086.029
8124695.816	3981104.241
8124744.785	3981116.784
8124744.184	3981120.368
8124799.12	3981134.395
8124812.857	3981080.052

SCME CANTEEN
8125603.793	3981822.034
8125603.793	3981817.554
8125608.279	3981817.554
8125607.934	3981822.061
8125603.793	3981822.034

STUDENT CENTRE
8125211.18	3981393.517
8125214.765	3981392.019
8125220.13	3981394.413
8125221.333	3981397.689
8125219.073	3981402.543
8125222.223	3981410.232
8125226.999	3981408.44
8125233.277	3981411.422
8125237.151	3981403.064
8125241.927	3981405.752
8125247.604	3981408.734
8125251.489	3981407.838
8125257.756	3981422.775
8125254.172	3981425.757
8125253.281	3981430.838
8125250.287	3981433.526
8125241.927	3981430.531
8125239.244	3981436.802
8125235.96	3981438.3
8125239.244	3981447.848
8125242.227	3981449.345
8125244.02	3981453.531
8125243.129	3981458.599
8125238.353	3981460.698
8125234.769	3981458.011
8125233.277	3981454.427
8125234.769	3981450.535
8125231.485	3981440.988
8125226.698	3981441.884
8125221.032	3981438.902
8125217.448	3981447.553
8125214.164	3981445.762
8125211.77	3981448.449
8125206.995	3981444.571
8125205.202	3981442.78
8125202.219	3981444.264
8125197.744	3981430.838
8125201.329	3981429.341
8125200.727	3981427.549
8125202.219	3981422.467
8125203.711	3981421.585
8125204.902	3981416.503
8125212.672	3981418.589
8125215.054	3981413.816
8125219.24	3981411.422
8125215.956	3981403.359
8125212.371	3981402.77
8125209.388	3981399.186
8125211.18	3981393.517

IESE
8125135.695	3981645.196
8125150.033	3981653.554
8125159.884	3981636.838
8125180.779	3981648.78
8125185.855	3981641.612
8125196.909	3981647.884
8125210.045	3981627.571
8125214.52	3981630.259
8125217.214	3981626.087
8125212.427	3981622.797
8125216.312	3981616.833
8125207.351	3981611.15
8125209.444	3981607.874
8125194.816	3981599.81
8125196.007	3981595.33
8125196.007	3981588.457
8125192.122	3981585.181
8125189.44	3981587.561
8125181.38	3981583.389
8125172.419	3981585.769
8125161.677	3981588.163
8125151.224	3981588.457
8125145.847	3981596.521
8125142.563	3981596.226
8125138.389	3981601.896
8125127.635	3981595.932
8125118.373	3981608.462
8125119.576	3981611.15
8125146.147	3981628.467
8125135.695	3981645.196

IAEC
8124942.132	3981127.535
8124942.733	3981130.824
8124932.581	3981135.598
8124935.865	3981142.164
8124951.093	3981135.304
8124954.077	3981141.87
8124968.114	3981135.598
8124966.623	3981132.91
8124976.474	3981129.033
8124974.682	3981124.847
8124980.059	3981122.159
8124981.851	3981125.449
8124993.195	3981120.368
8124986.627	3981108.427
8124976.174	3981114.096
8124973.369	3981116.008
8124971.398	3981111.114
8124965.431	3981113.802
8124963.339	3981110.513
8124938.848	3981120.662
8124942.132	3981127.535

NBS
8125371.258	3981210.12
8125316.021	3981190.409
8125321.698	3981168.613
8125315.13	3981159.052
8125319.305	3981156.07
8125315.732	3981149.197
8125327.932	3981129.768
8125318.548	3981109.537
8125310.756	3981095.576
8125304.31	3981096.94
8125300.982	3981090.495
8125291.82	3981093.504
8125287.646	3981083.609
8125286.032	3981079.637
8125287.69	3981076.348
8125285.865	3981072.577
8125318.715	3981070.076
8125362.976	3981038.185
8125378.805	3981039.482
8125373.785	3981054.686
8125383.503	3981062.615
8125372.761	3981066.199
8125379.028	3981078.434
8125380.887	3981081.924
8125390.505	3981092.474
8125409.285	3981106.742
8125417.7	3981105.525
8125439.586	3981095.697
8125460.569	3981100.818
8125448.636	3981129.621
8125413.659	3981130.089
8125418.736	3981139.944
8125409.785	3981145.319
8125413.659	3981152.193
8125426.506	3981145.614
8125436.658	3981156.966
8125428.888	3981168.011
8125425.604	3981169.202
8125423.812	3981165.618
8125417.544	3981168.011
8125412.168	3981155.175
8125406.201	3981162.342
8125410.075	3981167.116
8125400.824	3981170.699
8125394.256	3981167.116
8125390.672	3981170.097
8125388.579	3981167.717
8125371.258	3981210.12

HEAD QUARTERS
8125532.972	3980922.788
8125531.78	3980908.453
8125528.797	3980899.494
8125525.513	3980892.929
8125521.929	3980886.056
8125517.454	3980879.491
8125512.967	3980875.011
8125509.684	3980871.428
8125511.476	3980870.238
8125508.192	3980866.654
8125512.077	3980861.88
8125511.175	3980859.781
8125515.361	3980855.609
8125517.754	3980857.401
8125520.738	3980852.614
8125524.912	3980857.401
8125527.895	3980855.007
8125533.272	3980859.781
8125536.857	3980864.568
8125540.441	3980869.93
8125542.835	3980873.514
8125547.009	3980872.925
8125550.894	3980874.409
8125554.768	3980876.509
8125556.861	3980880.386
8125557.462	3980884.572
8125557.462	3980888.744
8125555.97	3980891.739
8125554.479	3980894.427
8125555.069	3980901.58
8125555.67	3980905.766
8125557.462	3980912.933
8125553.276	3980915.019
8125553.877	3980920.1
8125557.685	3980921.036
8125557.161	3980932.643
8125549.102	3980932.041
8125535.666	3980931.747
8125536.556	3980923.978
8125532.972	3980922.788

NICE
8124681.611	3980697.893
8124639.956	3980672.421
8124648.917	3980659.879
8124641.748	3980656.295
8124635.625	3980666.832
8124628.011	3980664.064
8124635.77	3980653.314
8124626.219	3980646.147
8124640.557	3980625.836
8124635.77	3980622.854
8124635.18	3980617.479
8124638.163	3980613.293
8124642.794	3980614.885
8124645.176	3980623.843
8124664.435	3980635.998
8124668.464	3980626.825
8124682.802	3980633.992
8124684.595	3980630.409
8124693.701	3980635.396
8124690.717	3980640.771
8124710.421	3980652.11
8124702.061	3980668.236
8124707.883	3980672.207
8124700.87	3980683.172
8124694.747	3980679.374
8124681.611	3980697.893

NIT
8124599.257	3980672.969
8124617.48	3980669.386
8124608.519	3980639.528
8124629.414	3980633.564
8124625.84	3980612.652
8124655.696	3980606.982
8124653.002	3980590.268
8124622.846	3980596.539
8124621.655	3980592.956
8124626.43	3980592.06
8124626.43	3980589.372
8124625.84	3980584.893
8124622.846	3980583.101
8124619.261	3980583.69
8124615.688	3980569.062
8124590.608	3980574.437
8124592.389	3980585.187
8124587.613	3980586.377
8124581.646	3980595.042
8124578.663	3980595.643
8124577.171	3980590.562
8124570.303	3980588.477
8124568.811	3980592.06
8124566.418	3980594.44
8124572.385	3980601.915
8124575.079	3980606.086
8124568.21	3980616.543
8124570.002	3980621.022
8124559.249	3980624.298
8124564.926	3980647.885
8124579.854	3980646.401
8124581.346	3980650.88
8124584.93	3980652.07
8124589.706	3980651.174
8124590.006	3980647.297
8124590.006	3980644.903
8124592.689	3980644.609
8124599.257	3980672.969

C2
8124985.892	3980951.202
8125002	3980945.867
8125012.453	3980950.641
8125007.967	3980959.6
8125012.742	3980962.287
8125014.245	3980967.369
8125017.529	3980963.785
8125019.332	3980968.519
8125015.436	3980970.35
8125016.627	3980974.242
8125013.065	3980979.858
8125021.703	3980984.391
8125019.911	3980993.042
8125016.349	3980999.273
8125001.098	3981004.087
8124994.252	3981000.169
8124993.94	3980996.332
8124988.875	3980993.898
8124993.35	3980985.835
8124987.373	3980981.395
8124986.783	3980978.962
8124983.187	3980980.205
8124980.816	3980974.79
8124985.87	3980976.02
8124984.378	3980970.952
8124988.263	3980965.577
8124979.903	3980960.496
8124982.296	3980957.808
8124985.892	3980951.202

RIMMS
8124911.241	3981152.741
8124909.159	3981147.071
8124899.597	3981151.845
8124894.821	3981142.592
8124871.834	3981152.139
8124873.916	3981158.116
8124866.157	3981162.89
8124866.457	3981168.266
8124855.414	3981173.039
8124859.288	3981183.79
8124871.533	3981179.017
8124869.741	3981176.329
8124875.697	3981173.695
8124878.38	3981178.468
8124887.641	3981174.577
8124899.285	3981169.509
8124898.105	3981165.885
8124908.258	3981162.302
8124904.963	3981156.672
8124911.241	3981152.741

CENTRAL AC
8125286.299	3981220.683
8125302.574	3981226.781
8125310.8	3981204.824
8125294.536	3981198.727
8125286.299	3981220.683

FATIMA HOSTEL
8125339.109	3981306.21
8125487.798	3981235.138
8125527.216	3981317.55
8125517.064	3981327.699
8125488.522	3981340.483
8125489		3981346.22
8125459.735	3981361.143
8125394.045	3981370.102
8125368.965	3981357.559
8125339.109	3981306.21

GYM
8125545.729	3981253.659
8125600.665	3981230.365
8125581.674	3981193.578
8125527.216	3981216.632
8125545.729	3981253.659

ZAINAB HOSTEL
8125676.262	3981310.449
8125673.279	3981298.508
8125672.088	3981291.929
8125663.126	3981290.137
8125665.041	3981285.002
8125664.317	3981280.59
8125658.351	3981281.78
8125659.542	3981277.006
8125643.545	3981269.478
8125626.101	3981297.305
8125631.478	3981301.49
8125628.495	3981306.264
8125632.191	3981313.672
8125631.478	3981322.391
8125659.542	3981339.707
8125668.626	3981325.011
8125673.279	3981319.997
8125671.486	3981315.223
8125676.262	3981310.449

FATIMA HOSTEL
8125582.82	3981320.318
8125630.131	3981245.462
8125671.197	3981170.084
8125755.933	3981227.262
8125714.868	3981293.815
8125742.197	3981312.776
8125732.634	3981319.342
8125735.629	3981327.699
8125711.751	3981339.56
8125708.634	3981330.721
8125657.683	3981368.15
8125582.82	3981320.318

SEECS FACULTY BLOCK
8125251.422	3980989.766
8125284.106	3980974.349
8125285.731	3980978.146
8125289.037	3980976.689
8125289.193	3980976.916
8125289.393	3980977.063
8125289.56	3980977.21
8125289.794	3980977.304
8125289.995	3980977.371
8125290.162	3980977.424
8125290.395	3980977.491
8125290.607	3980977.544
8125290.907	3980977.611
8125291.308	3980977.651
8125291.675	3980977.678
8125292.098	3980977.651
8125292.432	3980977.625
8125292.889	3980977.504
8125293.334	3980977.237
8125293.846	3980976.929
8125294.269	3980976.541
8125294.548	3980976.14
8125294.748	3980975.846
8125294.915	3980975.499
8125295.037	3980975.218
8125295.115	3980974.857
8125295.182	3980974.509
8125295.271	3980974.068
8125296.295	3980973.667
8125299.857	3980972.37
8125298.6	3980969.214
8125331.528	3980954.331
8125320.786	3980929.674
8125302.607	3980938.593
8125300.993	3980935.223
8125289.716	3980940.411
8125284.54	3980942.845
8125283.527	3980941.949
8125282.859	3980941.281
8125281.913	3980940.772
8125281.011	3980940.652
8125280.354	3980940.492
8125279.553	3980940.465
8125278.885	3980940.625
8125278.64	3980940.706
8125278.273	3980940.813
8125277.794	3980940.96
8125277.326	3980941.307
8125276.625	3980942.123
8125275.957	3980942.858
8125275.478	3980943.661
8125275.59	3980944.557
8125273.23	3980949.865
8125270.881	3980950.921
8125269.011	3980949.183
8125268.187	3980949.571
8125267.497	3980948.662
8125264.424	3980950.146
8125253.315	3980955.535
8125255.463	3980959.573
8125241.07	3980965.898
8125251.422	3980989.766

NUST AUDITORIUM
8125511.42	3980995.623
8125524.556	3980981.288
8125531.725	3980968.746
8125535.309	3980953.823
8125553.822	3980955.615
8125555.013	3980961.579
8125571.143	3980968.157
8125575.919	3980962.782
8125583.088	3980969.348
8125586.071	3980976.515
8125579.503	3980978.908
8125580.694	3980987.266
8125580.694	3980993.229
8125578.902	3980999.808
8125590.847	3981005.772
8125584.279	3981018.315
8125574.728	3981026.672
8125571.143	3981018.315
8125565.766	3981015.921
8125552.029	3981018.916
8125544.271	3981017.713
8125534.708	3981014.129
8125526.348	3981010.546
8125518.589	3981003.98
8125511.42	3980995.623

ADMIN OFFICE
8124635.269	3981190.958
8124638.998	3981196.627
8124631.384	3981203.353
8124628.545	3981199.77
8124626.007	3981201.107
8124625.562	3981204.249
8124621.677	3981202.752
8124621.087	3981204.396
8124613.172	3981202.003
8124614.664	3981197.831
8124609.888	3981197.831
8124607.795	3981188.577
8124610.935	3981188.417
8124613.317	3981185.89
8124610.779	3981182.453
8124614.074	3981178.869
8124616.311	3981180.367
8124618.549	3981177.372
8124623.469	3981179.471
8124624.972	3981175.286
8124635.714	3981178.415
8124632.876	3981184.686
8124636.015	3981185.582
8124635.269	3981190.958

IGIS
8125020.646	3981228.773
8125022.082	3981230.712
8125024.676	3981232.143
8125026.891	3981232.143
8125029.618	3981231.1
8125032.346	3981228.252
8125033.392	3981226.032
8125033.002	3981222.275
8125031.566	3981219.667
8125029.095	3981217.327
8125024.42	3981217.461
8125021.425	3981219.413
8125019.867	3981221.619
8125019.221	3981223.959
8125018.575	3981222.529
8125014.412	3981224.869
8125011.941	3981219.413
8124982.185	3981233.841
8124985.825	3981240.073
8124977.71	3981244.499
8124980.281	3981248.831
8124976.597	3981250.864
8124979.324	3981255.277
8124990.623	3981250.209
8124992.861	3981254.501
8125010.638	3981247.347
8125009.08	3981241.757
8125011.028	3981240.594
8125012.074	3981244.619
8125021.559	3981240.46
8125015.97	3981230.458
8125020.646	3981228.773

S3H
8125540.953	3981183.202
8125574.394	3981168.573
8125565.499	3981148.248
8125549.714	3981155.148
8125542.122	3981137.791
8125557.907	3981130.891
8125543.547	3981098.064
8125524.745	3981106.287
8125522.652	3981101.5
8125504.875	3981109.269
8125514.281	3981130.784
8125518.99	3981128.725
8125520.971	3981133.271
8125516.274	3981135.317
8125520.459	3981144.892
8125517.721	3981146.082
8125527.951	3981169.469
8125533.818	3981166.902
8125540.953	3981183.202

EXAM CENTRE
8124467.288	3980805.774
8124463.792	3980803.22
8124500.35	3980744.64
8124515.289	3980753.598
8124519.697	3980746.418
8124522.313	3980745.709
8124521.935	3980744.546
8124520.476	3980744.867
8124519.486	3980737.098
8124527.233	3980736.296
8124529.026	3980741.15
8124541.082	3980749.44
8124502.042	3980808.154
8124522.179	3980821.793
8124517.415	3980828.465
8124511.76	3980824.561
8124504.023	3980836.261
8124501.841	3980834.469
8124498.001	3980840.031
8124495.619	3980838.159
8124494.372	3980840.178
8124497.032	3980842.171
8124494.461	3980846.878
8124474.234	3980834.121
8124476.115	3980831.901
8124475.269	3980828.799
8124479.767	3980827.716
8124479.099	3980823.183
8124482.104	3980822.822
8124463.481	3980811.604
8124467.288	3980805.774

KHADIJA HOSTEL
8125682.34	3981156.686
8125741.918	3981066.867
8125825.764	3981122.48
8125766.186	3981212.299
8125682.34	3981156.686

SEECS PG BLOCK
8125234.702	3980936.119
8125255.463	3980926.077
8125257.556	3980930.262
8125259.749	3980929.286
8125260.45	3980929.179
8125260.884	3980929.407
8125261.241	3980929.768
8125261.53	3980930.102
8125261.853	3980930.543
8125262.276	3980930.944
8125262.71	3980931.319
8125263.2	3980931.626
8125263.679	3980931.84
8125264.18	3980931.974
8125264.703	3980932.081
8125265.493	3980932.201
8125266.283	3980932.201
8125267.074	3980932.134
8125267.697	3980932.081
8125268.443	3980931.894
8125269.011	3980931.733
8125269.501	3980931.466
8125269.979	3980931.172
8125270.514	3980930.784
8125271.015	3980930.316
8125271.46	3980929.848
8125271.749	3980929.326
8125271.994	3980928.858
8125272.172	3980928.27
8125272.261	3980927.869
8125272.339	3980927.521
8125272.462	3980927.16
8125272.54	3980926.411
8125272.54	3980925.77
8125272.484	3980925.168
8125272.384	3980924.606
8125272.317	3980924.085
8125272.384	3980923.67
8125276.603	3980921.785
8125274.51	3980916.931
8125298.232	3980905.726
8125291.186	3980891.124
8125276.681	3980899.067
8125276.158	3980898.024
8125274.788	3980897.261
8125272.785	3980896.793
8125269.345	3980896.767
8125265.304	3980897.061
8125260.873	3980898.064
8125256.944	3980899.347
8125254.016	3980900.644
8125251.166	3980902.637
8125248.372	3980904.549
8125244.932	3980907.116
8125242.372	3980909.563
8125240.747	3980911.342
8125242.25	3980914.898
8125227.811	3980921.504
8125234.702	3980936.119

SEECS UG BLOCK
8125193.258	3980865.25
8125219.251	3980873.059
8125220.097	3980869.422
8125220.487	3980867.911
8125201.406	3980861.332
8125203.633	3980853.617
8125222.724	3980860.998
8125223.103	3980859.674
8125220.821	3980858.805
8125224.505	3980855.93
8125222.746	3980853.764
8125224.728	3980852.547
8125227.377	3980850.702
8125227.311	3980849.632
8125227.778	3980848.83
8125228.669	3980847.947
8125229.515	3980847.466
8125230.539	3980847.372
8125231.585	3980847.747
8125232.431	3980848.455
8125234.702	3980846.61
8125236.071	3980848.736
8125241.014	3980846.129
8125243.886	3980833.934
8125253.148	3980835.779
8125252.213	3980840.031
8125258.925	3980842.639
8125263.4	3980830.899
8125288.915	3980839.563
8125276.625	3980882.178
8125249.886	3980872.537
8125257.055	3980850.113
8125250.387	3980848.054
8125248.918	3980851.705
8125243.886	3980850.448
8125239.689	3980852.814
8125239.233	3980858.725
8125228.602	3980863.699
8125226.164	3980861.947
8125222.936	3980874.45
8125237.63	3980879.785
8125229.303	3980905.846
8125186.501	3980890.629
8125193.258	3980865.25

CENTRAL LIBRARY CAFE
8125419.448	3980822.662
8125395.559	3980823.558
8125392.575	3980797.871
8125416.164	3980789.808
8125419.448	3980822.662

MARGALLA CAFE
8125100.852	3981478.042
8125104.058	3981477.815
8125106.818	3981473.562
8125104.726	3981467.893
8125098.681	3981470.433
8125100.852	3981478.042

LIBRARY CENTRAL
8125436.001	3980851.37
8125435.6	3980848.335
8125437.415	3980847.319
8125437.615	3980845.286
8125434.988	3980843.869
8125434.988	3980837.197
8125440.654	3980837.397
8125442.079	3980835.98
8125443.894	3980835.164
8125446.732	3980834.763
8125449.771	3980834.562
8125453.011	3980834.148
8125455.849	3980834.148
8125460.914	3980833.747
8125464.755	3980833.947
8125461.115	3980839.817
8125462.328	3980841.85
8125464.755	3980842.05
8125466.781	3980842.652
8125468.807	3980842.251
8125470.833	3980841.235
8125474.072	3980838.614
8125475.497	3980837.397
8125480.551	3980838.815
8125483.802	3980840.232
8125486.028	3980840.834
8125487.642	3980842.866
8125483.802	3980858.658
8125480.763	3980857.24
8125477.924	3980856.639
8125474.885	3980855.622
8125471.033	3980854.205
8125466.781	3980852.788
8125462.529	3980852.387
8125458.477	3980852.173
8125454.836	3980851.972
8125451.597	3980851.972
8125448.959	3980852.788
8125444.907	3980853.189
8125440.866	3980853.389
8125439.241	3980853.59
8125436.602	3980853.804
8125436.001	3980851.37

IGIS SHED
8125051.37	3981256.346
8125055.099	3981253.966
8125059.585	3981262.176
8125055.7	3981264.262
8125051.37	3981256.346

SADA
8125021.336	3981352.732
8125022.828	3981356.021
8125041.941	3981361.397
8125040.45	3981366.171
8125045.526	3981368.257
8125044.034	3981373.031
8125047.607	3981375.13
8125041.941	3981394.533
8125043.734	3981396.927
8125058.361	3981402.89
8125062.547	3981401.406
8125069.114	3981383.193
8125073.289	3981384.089
8125074.48	3981378.714
8125080.758	3981380.198
8125082.25	3981376.614
8125099.271	3981382.886
8125103.145	3981381.402
8125108.822	3981364.673
8125107.33	3981362.293
8125089.419	3981356.021
8125090.009	3981352.13
8125085.233	3981350.338
8125087.026	3981344.668
8125083.742	3981343.478
8125090.009	3981324.37
8125087.627	3981320.492
8125071.497	3981313.619
8125069.415	3981315.41
8125061.945	3981334.813
8125058.584	3981333.195
8125055.979	3981339.293
8125050.301	3981338.103
8125048.81	3981341.392
8125032.39	3981335.415
8125028.204	3981335.415
8125025.522	3981341.981
8125021.336	3981352.732
